version https://git-lfs.github.com/spec/v1
oid sha256:053ba7f3bb33442c23865a1d71975d1692dac57e0e1804bf67abb6795aea799c
size 5079869
